DPUmesh throughput sweep — 2026-04-30
=====================================
- Gateway: 10.244.0.62:9091
- Tool: tput_client (Go), conns auto-size (rps/25), TCP_NODELAY
- Message: 8192 B DMA / 8184 B TCP wire (Thrift frame, pad=8116)
- Nominal duration: 30 s

Format per data point:
  target_rps, conns, total_reqs,
  wall_clock_s, wall_rps, dma_gbps,
  corr_avg, corr_p50, corr_p95, corr_p99, corr_max,
  raw_avg, raw_p50, raw_p95, raw_p99, raw_max
(latencies in ms)

5000   200  150000   30.50  4917.5   0.322   2.42  2.32   3.95   4.96   14.09   2.10  2.00   3.79   4.77   14.04
10000  400  300000   30.50  9835.3   0.645   1.74  1.63   3.17   4.53   30.25   1.50  1.29   2.94   4.17   29.62
15000  600  450000   30.50  14752.3  0.967   1.36  1.24   2.65   3.66   29.58   1.14  1.04   2.32   3.35   29.02
20000  800  600000   30.50  19670.0  1.289   1.13  1.04   2.24   2.97   13.09   0.92  0.86   1.97   2.73   12.20
25000  1000 750000   30.50  24589.9  1.612   0.96  0.81   2.08   2.95   36.56   0.82  0.66   1.82   2.70   36.42
30000  1200 900000   30.50  29506.9  1.934   0.71  0.58   1.49   2.30   11.84   0.67  0.55   1.39   2.08   11.41
35000  1400 1050000  30.50  34424.5  2.256   0.67  0.51   1.48   2.47   13.79   0.64  0.48   1.41   2.29   13.77
40000  1600 1200000  30.50  39343.7  2.578   0.66  0.43   1.44   3.73   38.72   0.63  0.41   1.38   3.65   33.12
45000  1800 1350000  30.50  44260.2  2.901   0.62  0.34   1.51   7.55   17.75   0.59  0.32   1.48   7.47   17.73
50000  2000 1500000  52.16  28756.5  1.885   495.92   3.52   2672.86  7682.99   21667.69   18.07  3.49   48.57   154.02  186.41
55000  2200 1650000  59.18  27881.5  1.827   1984.11  1353.62 5304.38  9521.09   28680.30   40.66  44.13  53.29   156.15  189.47

Recovery check (re-run @ 40k after 50k/55k overdrive):
40000  1600 1200000  30.50  39341.4  2.578   0.63  0.43   1.46   2.74   25.67   0.60  0.41   1.40   2.61   24.81

Failed counts: 0 / 0 thrift exceptions / 0 network errors across ALL 12 runs.
